cos(pi) = -1.0
cos(90) = -0.4480736161291701
pi/2 = 1.5707963267948966
